0.000000000000000000e+00 4.935316571524061939e-03 2.921132672309874945e+00
4.166666666666666435e-02 4.919451994069421429e-03 2.749433071613313739e+00
8.333333333333332871e-02 4.832786573675672444e-03 1.445335158824920363e+00
1.250000000000000000e-01 6.180152696221023062e-03 6.364042558670046645e-01
1.666666666666666574e-01 4.954515415771944264e-03 6.139316196441660933e-01
2.083333333333333148e-01 4.805831844734835025e-03 3.290451469421386554e-01
2.500000000000000000e-01 6.367650875755304085e-03 2.332962779998780101e-01
2.916666666666666297e-01 4.872739922275750625e-03 1.585870065689085895e-01
3.333333333333333148e-01 6.848239916478174490e-03 1.076313786506652714e-01
3.750000000000000000e-01 6.265819215883133148e-03 7.346375799179079291e-02
4.166666666666666297e-01 7.592111880039472196e-03 5.058483791351317538e-02
4.583333333333333148e-01 6.347454047741380063e-03 3.528097963333128029e-02
5.000000000000000000e-01 1.090798187179481404e-02 2.426026201248169742e-02
5.416666666666666297e-01 9.618186213682993965e-03 1.759720754623411015e-02
5.833333333333332593e-01 8.214701323336438821e-03 1.213690757751465996e-02
6.250000000000000000e-01 1.114419876377182282e-02 8.996342658996575245e-03
6.666666666666666297e-01 1.050320180103416629e-02 6.668217658996579249e-03
7.083333333333332593e-01 1.149743051330578102e-02 4.995625019073485912e-03
7.500000000000000000e-01 2.136862511922798732e-02 3.965607166290281357e-03
7.916666666666666297e-01 1.863436036499697621e-02 3.007462024688720061e-03
8.333333333333332593e-01 4.298545197807345647e-02 2.365788459777834040e-03
8.750000000000000000e-01 5.740071326511683725e-02 1.898576259613037141e-03
9.166666666666666297e-01 8.073065546006480409e-02 1.603140354156494356e-03
9.583333333333332593e-01 8.480925153462545718e-02 1.341331005096435720e-03
1.000000000000000000e+00 1.251534777769658102e-01 1.181005954742432194e-03
