0.000000000000000000e+00 6.153868486985832748e-02 2.051990950107573486e+00
4.166666666666666435e-02 6.537029638788270647e-02 1.966926329612732616e+00
8.333333333333332871e-02 6.590949581734711904e-02 1.843525034904481164e+00
1.250000000000000000e-01 5.989394412587369793e-02 1.377243552207946697e+00
1.666666666666666574e-01 6.075520746673689770e-02 1.181372643470764094e+00
2.083333333333333148e-01 5.978192624484409551e-02 1.076768813133240466e+00
2.500000000000000000e-01 5.407134254384568517e-02 9.326322307586667471e-01
2.916666666666666297e-01 5.568828154986986412e-02 7.984023375511164478e-01
3.333333333333333148e-01 4.558615697436320391e-02 7.414096169471737774e-01
3.750000000000000000e-01 4.621284364092972941e-02 6.171483068466179223e-01
4.166666666666666297e-01 5.119720311537246521e-02 5.460165257453915011e-01
4.583333333333333148e-01 5.440419641393993283e-02 4.337206606864927316e-01
5.000000000000000000e-01 6.297777567341353300e-02 3.773323855400084192e-01
5.416666666666666297e-01 7.023207739036051167e-02 3.104978499412540671e-01
5.833333333333332593e-01 5.658499184767894208e-02 2.656668124198915959e-01
6.250000000000000000e-01 5.083646713844183068e-02 2.290708794593811770e-01
6.666666666666666297e-01 6.502256553024678143e-02 1.848831648826597118e-01
7.083333333333332593e-01 6.082195074971747523e-02 1.546022911071776862e-01
7.500000000000000000e-01 6.111206873636266385e-02 1.263333134651183909e-01
7.916666666666666297e-01 6.536873227824489818e-02 1.064773530960082676e-01
8.333333333333332593e-01 6.508948698489465390e-02 8.520234155654897445e-02
8.750000000000000000e-01 7.034461566028321622e-02 7.097165298461918792e-02
9.166666666666666297e-01 9.326180733580818893e-02 5.812128162384037899e-02
9.583333333333332593e-01 1.041376633715466737e-01 5.035747480392453040e-02
1.000000000000000000e+00 1.091368175422976206e-01 4.469858360290522581e-02
