0.000000000000000000e+00 4.165064121130546138e-03 2.935200452804565430e+00
4.166666666666666435e-02 5.266773692236048632e-03 3.070621609687805176e+00
8.333333333333332871e-02 4.737656655463333595e-03 1.722767472267150879e+00
1.250000000000000000e-01 5.331865742481255166e-03 7.807730436325073242e-01
1.666666666666666574e-01 4.924812722877980331e-03 7.566006183624267578e-01
2.083333333333333148e-01 4.794625757417625422e-03 4.055598974227905273e-01
2.500000000000000000e-01 5.524439699297556405e-03 2.866271734237670898e-01
2.916666666666666297e-01 5.192587816939153722e-03 1.949740648269653320e-01
3.333333333333333148e-01 4.726933455313220289e-03 1.313534975051879883e-01
3.750000000000000000e-01 5.337389018303995147e-03 9.204733371734619141e-02
4.166666666666666297e-01 5.362545431648046979e-03 6.230640411376953125e-02
4.583333333333333148e-01 5.234185565367144299e-03 4.387903213500976562e-02
5.000000000000000000e-01 5.209436577105572980e-03 2.998745441436767578e-02
5.416666666666666297e-01 4.851998273898761038e-03 2.136433124542236328e-02
5.833333333333332593e-01 4.776248170764441081e-03 1.561927795410156250e-02
6.250000000000000000e-01 5.116581885360654836e-03 1.106297969818115234e-02
6.666666666666666297e-01 4.631624634919062622e-03 8.009910583496093750e-03
7.083333333333332593e-01 5.050994212766224400e-03 5.949020385742187500e-03
7.500000000000000000e-01 5.058381843794146349e-03 4.507541656494140625e-03
7.916666666666666297e-01 5.260930631086901954e-03 3.559112548828125000e-03
8.333333333333332593e-01 5.036455089957037057e-03 2.828121185302734375e-03
8.750000000000000000e-01 5.508045028896069173e-03 2.352595329284667969e-03
9.166666666666666297e-01 5.824286866564443166e-03 2.041578292846679688e-03
9.583333333333332593e-01 6.017062040988410687e-03 1.793026924133300781e-03
1.000000000000000000e+00 6.254591319828695095e-03 1.636147499084472656e-03
