0.000000000000000000e+00 1.474656294854292948e-02 1.261685490608215332e+00
4.166666666666666435e-02 1.542005866442391904e-02 1.351687073707580566e+00
8.333333333333332871e-02 1.346392905263809128e-02 1.231235623359680176e+00
1.250000000000000000e-01 9.417898482549161288e-03 1.031389713287353516e+00
1.666666666666666574e-01 8.337165092275999889e-03 9.518536329269409180e-01
2.083333333333333148e-01 8.287005484534260003e-03 9.656234979629516602e-01
2.500000000000000000e-01 7.128618843648903969e-03 9.293498992919921875e-01
2.916666666666666297e-01 4.983045647085977865e-03 8.356530666351318359e-01
3.333333333333333148e-01 4.327703574616155457e-03 7.971119880676269531e-01
3.750000000000000000e-01 3.631551769479157699e-03 7.138755321502685547e-01
4.166666666666666297e-01 2.919197528828187949e-03 6.925069093704223633e-01
4.583333333333333148e-01 2.334673630797173827e-03 5.442613363265991211e-01
5.000000000000000000e-01 2.199964302578925890e-03 4.755156040191650391e-01
5.416666666666666297e-01 1.856777219852667749e-03 3.965139389038085938e-01
5.833333333333332593e-01 1.495343211253165674e-03 3.411123752593994141e-01
6.250000000000000000e-01 1.319125936882645234e-03 2.672410011291503906e-01
6.666666666666666297e-01 1.183010109818805056e-03 2.199751138687133789e-01
7.083333333333332593e-01 1.168232593263811292e-03 1.779814958572387695e-01
7.500000000000000000e-01 1.345923817151761792e-03 1.502500772476196289e-01
7.916666666666666297e-01 1.029350155328234706e-03 1.146683692932128906e-01
8.333333333333332593e-01 8.796568651224800917e-04 1.018688678741455078e-01
8.750000000000000000e-01 1.072340788559285329e-03 8.190083503723144531e-02
9.166666666666666297e-01 8.938686792114847179e-04 6.814658641815185547e-02
9.583333333333332593e-01 8.268145353563238764e-04 6.388664245605468750e-02
1.000000000000000000e+00 6.992023299644822831e-04 6.773519515991210938e-02
