0.000000000000000000e+00 1.217455783116668834e-03 1.529473328113555519e+00
4.166666666666666435e-02 1.343959474119409353e-03 1.647530638217925780e+00
8.333333333333332871e-02 1.341707745170865260e-03 9.529107265472410715e-01
1.250000000000000000e-01 1.272258636162733889e-03 5.011085906028748260e-01
1.666666666666666574e-01 1.421678726804463406e-03 5.188320856094362776e-01
2.083333333333333148e-01 1.368655002671999863e-03 3.231940927505490557e-01
2.500000000000000000e-01 1.451431215569075599e-03 2.203459234237672426e-01
2.916666666666666297e-01 1.220415407836506188e-03 2.059659924507141748e-01
3.333333333333333148e-01 1.648479246995386820e-03 1.343882603645323026e-01
3.750000000000000000e-01 2.718741354639187587e-03 1.332874026298522807e-01
4.166666666666666297e-01 4.201262695621135225e-03 8.569205760955801721e-02
4.583333333333333148e-01 4.519334285407523855e-03 6.066413879394532555e-02
5.000000000000000000e-01 3.749501918309794662e-03 6.541109514236452538e-02
5.416666666666666297e-01 1.000510429008017073e-02 5.152419519424438626e-02
5.833333333333332593e-01 2.916375772845666934e-03 3.946501064300532435e-02
6.250000000000000000e-01 6.769333508936058001e-03 5.942406129837034257e-02
6.666666666666666297e-01 5.701593210560973631e-03 2.103116130828856442e-02
7.083333333333332593e-01 6.042191699983607243e-03 3.829216766357422530e-02
7.500000000000000000e-01 6.828031216141449387e-03 1.627611970901490443e-02
7.916666666666666297e-01 5.562823787625219979e-03 2.681685209274290230e-02
8.333333333333332593e-01 6.126413196699103010e-03 2.736177587509158390e-02
8.750000000000000000e-01 6.175485783564444754e-03 1.426989984512330896e-02
9.166666666666666297e-01 9.966370174916756863e-03 1.477556180953980107e-02
9.583333333333332593e-01 1.307953577902450787e-02 1.903084468841552759e-02
1.000000000000000000e+00 8.105706707972100064e-03 1.616680335998535445e-02
