0.000000000000000000e+00 2.305903097646372704e-02 1.211842736244200358e+00
4.166666666666666435e-02 2.316549166775013976e-02 1.118498768806458044e+00
8.333333333333332871e-02 2.207641496823404409e-02 1.144162150382995291e+00
1.250000000000000000e-01 1.956255829194456994e-02 9.938421201705924801e-01
1.666666666666666574e-01 1.469691301047322714e-02 8.888972201347353774e-01
2.083333333333333148e-01 1.318970086859760221e-02 8.648255786895749919e-01
2.500000000000000000e-01 1.392710861723176624e-02 7.780990018844605727e-01
2.916666666666666297e-01 1.118183798058858952e-02 7.134994692802423266e-01
3.333333333333333148e-01 8.902910229984292018e-03 6.726957106590271129e-01
3.750000000000000000e-01 1.062681449255958865e-02 5.638488097190861303e-01
4.166666666666666297e-01 1.043505100931533223e-02 5.468454451560973428e-01
4.583333333333333148e-01 9.428589350568651606e-03 4.616346459388732115e-01
5.000000000000000000e-01 8.322055363664628003e-03 3.856027045249938445e-01
5.416666666666666297e-01 4.873112085956472599e-03 3.303405961990362183e-01
5.833333333333332593e-01 5.898270408957904595e-03 2.793042335510254048e-01
6.250000000000000000e-01 6.515524078031103249e-03 2.412673034667966177e-01
6.666666666666666297e-01 1.091709006148226975e-02 1.914695363044741083e-01
7.083333333333332593e-01 1.378749599066552561e-02 1.554735660552978016e-01
7.500000000000000000e-01 8.500837517844441610e-03 1.369814906120299935e-01
7.916666666666666297e-01 9.156546398318574087e-03 1.128800816535949630e-01
8.333333333333332593e-01 5.835580832807414110e-03 9.315869903564447108e-02
8.750000000000000000e-01 9.371113009317729239e-03 1.024593520164489707e-01
9.166666666666666297e-01 5.938856685716288608e-03 7.720921707153317881e-02
9.583333333333332593e-01 1.364576799922250297e-02 7.456905841827399239e-02
1.000000000000000000e+00 1.315436825649330711e-02 8.746615171432496616e-02
