9.600000000000000000e+01
9.601999999999999602e+01
9.428000000000000114e+01
9.409999999999999432e+01
9.485999999999999943e+01
9.471999999999999886e+01
9.495999999999999375e+01
9.534000000000000341e+01
9.526000000000000512e+01
9.464000000000000057e+01
9.492000000000000171e+01
9.409999999999999432e+01
9.470000000000000284e+01
9.431999999999999318e+01
9.448000000000000398e+01
9.568000000000000682e+01
9.514000000000000057e+01
9.440000000000000568e+01
9.437999999999999545e+01
9.464000000000000057e+01
9.526000000000000512e+01
9.535999999999999943e+01
9.585999999999999943e+01
9.528000000000000114e+01
9.421999999999999886e+01
9.671999999999999886e+01
9.529999999999999716e+01
9.568000000000000682e+01
9.576000000000000512e+01
9.379999999999999716e+01
9.390000000000000568e+01
9.464000000000000057e+01
9.434000000000000341e+01
9.498000000000000398e+01
9.670000000000000284e+01
9.484000000000000341e+01
9.476000000000000512e+01
9.535999999999999943e+01
9.501999999999999602e+01
9.350000000000000000e+01
9.504000000000000625e+01
9.554000000000000625e+01
9.628000000000000114e+01
9.521999999999999886e+01
9.512000000000000455e+01
9.409999999999999432e+01
9.359999999999999432e+01
9.343999999999999773e+01
9.504000000000000625e+01
9.634000000000000341e+01
9.621999999999999886e+01
9.576000000000000512e+01
9.345999999999999375e+01
9.342000000000000171e+01
9.479999999999999716e+01
9.450000000000000000e+01
9.471999999999999886e+01
9.637999999999999545e+01
9.556000000000000227e+01
9.514000000000000057e+01
9.407999999999999829e+01
9.500000000000000000e+01
9.543999999999999773e+01
9.456000000000000227e+01
9.421999999999999886e+01
9.614000000000000057e+01
9.564000000000000057e+01
9.421999999999999886e+01
9.393999999999999773e+01
9.421999999999999886e+01
9.509999999999999432e+01
9.551999999999999602e+01
9.623999999999999488e+01
9.426000000000000512e+01
9.654000000000000625e+01
9.404000000000000625e+01
9.534000000000000341e+01
9.604000000000000625e+01
9.528000000000000114e+01
9.484000000000000341e+01
9.468000000000000682e+01
9.415999999999999659e+01
9.406000000000000227e+01
9.468000000000000682e+01
9.576000000000000512e+01
9.456000000000000227e+01
9.462000000000000455e+01
9.545999999999999375e+01
9.418000000000000682e+01
9.443999999999999773e+01
9.506000000000000227e+01
9.537999999999999545e+01
9.604000000000000625e+01
9.490000000000000568e+01
9.481999999999999318e+01
9.437999999999999545e+01
9.371999999999999886e+01
9.435999999999999943e+01
9.595999999999999375e+01
9.600000000000000000e+01
