1.406096099269871969e-05
3.159039088210224139e-02
6.344445630065927155e-02
9.512023680005275705e-02
1.266819161177559216e-01
1.580837752251863237e-01
1.891852203100841956e-01
2.203241491908996541e-01
2.514244256893436447e-01
2.821290168479559934e-01
3.126676837992866664e-01
3.426481430998964406e-01
3.725131431556766293e-01
4.007914328748086730e-01
4.300601985484939771e-01
4.584117649356490576e-01
4.863150213889094187e-01
5.138789474634399834e-01
5.408856553578420545e-01
5.671920233401194222e-01
5.927354850406094666e-01
6.180144452522113863e-01
6.425255251047229388e-01
6.665908927671068129e-01
6.899266397928336403e-01
7.126240745930374487e-01
7.344072350845060049e-01
7.555073267389187386e-01
7.762815562232721067e-01
7.955553242413027082e-01
8.147339901564345510e-01
8.328636872813983683e-01
8.497378754252220556e-01
8.660033317429789435e-01
8.813602949367906891e-01
8.959670792151910312e-01
9.098068156526080141e-01
9.222030337962119351e-01
9.343026424671336816e-01
9.448062288001534137e-01
9.547491149100453267e-01
9.637205083238895575e-01
9.716542108545449530e-01
9.788044241514540778e-01
9.847506922652436989e-01
9.897716395443642012e-01
9.938331878862616264e-01
9.968535577751498344e-01
9.988772247534138948e-01
9.998617270494180032e-01
9.998653765260598902e-01
9.988615908974325386e-01
9.968235422409116309e-01
9.937875533008512230e-01
9.898417935137295842e-01
9.849196120537682120e-01
9.787468568287374104e-01
9.717611960781671332e-01
9.637372227309161099e-01
9.548118835649213043e-01
9.449761385964416949e-01
9.340208224634372058e-01
9.223678454072568034e-01
9.095027228153008680e-01
8.960831674862541618e-01
8.813879532457304933e-01
8.661257624283413836e-01
8.495500532201663013e-01
8.323578576443709798e-01
8.143536643354993831e-01
7.959392737161161691e-01
7.762148954350418517e-01
7.559433327188165297e-01
7.340242386920230455e-01
7.125889625137042938e-01
6.901729366304821811e-01
6.667880578991465246e-01
6.424887234538558811e-01
6.182207749696596588e-01
5.925863559073725195e-01
5.678423296425439970e-01
5.405457655278929074e-01
5.137389677543310329e-01
4.856985022173368471e-01
4.582430913313468857e-01
4.298557671738403307e-01
4.008513869956656928e-01
3.713649330470515375e-01
3.423764733251190018e-01
3.118925901881828278e-01
2.816751275667439547e-01
2.511616862222901814e-01
2.209211013629908960e-01
1.894296089417522033e-01
1.581981129108322448e-01
1.264294181019192942e-01
9.527252458484931907e-02
6.344145376041335216e-02
3.226112376248084501e-02
1.348432902624439257e-05
