2.557984891842468545e-05
3.146859206037612433e-02
6.378654288848076281e-02
9.472786784727044163e-02
1.267708571397526129e-01
1.582421210847248516e-01
1.897963040100001109e-01
2.200524371096272414e-01
2.510623279418767728e-01
2.815537691291205014e-01
3.119181679472359248e-01
3.422399228293098727e-01
3.720696185423730817e-01
4.011171511300905546e-01
4.299001612587211030e-01
4.582944650790604646e-01
4.860968679514286461e-01
5.140468778965272545e-01
5.407544599154754383e-01
5.673194069918909843e-01
5.929027585342587781e-01
6.197662127452686631e-01
6.432365955779315581e-01
6.676400439076886073e-01
6.912944454506820824e-01
7.071150113396459380e-01
7.334058967530689976e-01
7.548608481207388365e-01
7.758688758996727941e-01
7.955770560915134126e-01
8.140467052031080675e-01
8.322774059263124968e-01
8.497952460291262611e-01
8.660416891096974767e-01
8.815549027002635984e-01
8.958103444393561432e-01
9.097010651657069236e-01
9.224654841246220371e-01
9.344001896387733597e-01
9.450490804399122036e-01
9.548025410117320089e-01
9.640192743063626946e-01
9.717991936761847249e-01
9.787930714999211190e-01
9.847788754453739024e-01
9.898814030422050658e-01
9.938637861389993944e-01
9.968684587591574164e-01
9.988820851033280990e-01
9.998646393951107214e-01
9.998664830313956919e-01
9.988325958468897703e-01
9.968670975856650518e-01
9.938476653766372682e-01
9.898418183481525467e-01
9.848348502497468182e-01
9.787976903967311459e-01
9.717262577741359042e-01
9.638571519266778687e-01
9.549792069746045886e-01
9.448823693297663251e-01
9.341758157978120591e-01
9.225652130525719974e-01
9.095082037858239765e-01
8.958522037621627909e-01
8.814353885379810905e-01
8.660386436170097735e-01
8.499283497294785050e-01
8.324499465159198586e-01
8.141811255737232411e-01
7.955368663853326083e-01
7.756768787901399120e-01
7.551201845760069364e-01
7.337180313668166809e-01
7.071122869551123014e-01
6.928494964929921007e-01
6.677199792329558958e-01
6.433350752145792217e-01
6.189999479240555491e-01
5.938891147366853751e-01
5.670371385599015657e-01
5.407098278531790037e-01
5.139668099928681455e-01
4.862655765932005769e-01
4.585579207011081238e-01
4.300219016659247995e-01
4.010801252423778496e-01
3.711905528930554699e-01
3.420382941074019967e-01
3.123115176629192025e-01
2.819694889793449288e-01
2.509849015599547872e-01
2.201932712062124597e-01
1.890268512049453065e-01
1.585263579979867554e-01
1.262147164064496008e-01
9.539045956750730193e-02
6.376037255133903958e-02
3.167916639042127336e-02
2.740859637445151029e-05
