1.751999999999999886e+02
1.822899999999999920e+02
1.791899999999999977e+02
1.721100000000000136e+02
1.735699999999999932e+02
1.751999999999999886e+02
1.760099999999999909e+02
1.785800000000000125e+02
1.779099999999999966e+02
1.790000000000000000e+02
1.754900000000000091e+02
1.784499999999999886e+02
1.769600000000000080e+02
1.765399999999999920e+02
1.771599999999999966e+02
1.753400000000000034e+02
1.782100000000000080e+02
1.755399999999999920e+02
1.782599999999999909e+02
1.773100000000000023e+02
1.762100000000000080e+02
1.745999999999999943e+02
1.758700000000000045e+02
1.798300000000000125e+02
1.774399999999999977e+02
1.796599999999999966e+02
1.779600000000000080e+02
1.778700000000000045e+02
1.751500000000000057e+02
1.775600000000000023e+02
1.785399999999999920e+02
1.752599999999999909e+02
1.784199999999999875e+02
1.779300000000000068e+02
1.786100000000000136e+02
1.779000000000000057e+02
1.790300000000000011e+02
1.773000000000000114e+02
1.773400000000000034e+02
1.792700000000000102e+02
1.766800000000000068e+02
1.762500000000000000e+02
1.787400000000000091e+02
1.765300000000000011e+02
1.774600000000000080e+02
1.800399999999999920e+02
1.782299999999999898e+02
1.771200000000000045e+02
1.748100000000000023e+02
1.782299999999999898e+02
1.786100000000000136e+02
1.733300000000000125e+02
1.777299999999999898e+02
1.781999999999999886e+02
1.796800000000000068e+02
1.814399999999999977e+02
1.755699999999999932e+02
1.780600000000000023e+02
1.783700000000000045e+02
1.755399999999999920e+02
1.790200000000000102e+02
1.765099999999999909e+02
1.795900000000000034e+02
1.765800000000000125e+02
1.797299999999999898e+02
1.768700000000000045e+02
1.777199999999999989e+02
1.777299999999999898e+02
1.758700000000000045e+02
1.786200000000000045e+02
1.759000000000000057e+02
1.740000000000000000e+02
1.782599999999999909e+02
1.786899999999999977e+02
1.784300000000000068e+02
1.774300000000000068e+02
1.779799999999999898e+02
1.757299999999999898e+02
1.778600000000000136e+02
1.766200000000000045e+02
1.763899999999999864e+02
1.771899999999999977e+02
1.775600000000000023e+02
1.764799999999999898e+02
1.778600000000000136e+02
1.788100000000000023e+02
1.793100000000000023e+02
1.748600000000000136e+02
1.793400000000000034e+02
1.752599999999999909e+02
1.765699999999999932e+02
1.744099999999999966e+02
1.802800000000000011e+02
1.732899999999999920e+02
1.733400000000000034e+02
1.744900000000000091e+02
1.728700000000000045e+02
1.822299999999999898e+02
1.815699999999999932e+02
1.744000000000000057e+02
