2.376000000000000156e+01
8.315599999999999454e+02
5.000099999999999909e+02
3.444399999999999977e+02
2.044900000000000091e+02
2.117800000000000011e+02
1.380200000000000102e+02
1.977599999999999909e+02
1.419799999999999898e+02
1.514600000000000080e+02
1.501100000000000136e+02
1.745600000000000023e+02
1.509399999999999977e+02
1.160900000000000034e+02
8.810999999999999943e+01
8.820000000000000284e+01
2.882300000000000182e+02
4.754999999999999716e+01
3.592000000000000171e+01
3.239999999999999858e+01
3.453999999999999915e+01
3.557999999999999829e+01
3.396000000000000085e+01
3.310000000000000142e+01
3.167999999999999972e+01
3.299000000000000199e+01
3.232000000000000028e+01
3.261999999999999744e+01
3.285999999999999943e+01
3.596999999999999886e+01
3.239000000000000057e+01
3.949000000000000199e+01
3.942000000000000171e+01
5.157000000000000028e+01
1.607100000000000080e+02
1.437500000000000000e+02
7.309000000000000341e+01
1.017999999999999972e+02
1.174800000000000040e+02
2.679800000000000182e+02
1.012600000000000051e+02
1.108799999999999955e+02
1.192800000000000011e+02
9.709000000000000341e+01
2.231899999999999977e+02
2.946499999999999773e+02
3.388399999999999750e+02
3.554200000000000159e+02
6.300700000000000500e+02
1.401339999999999918e+03
1.737609999999999900e+03
5.045799999999999841e+02
4.202099999999999795e+02
3.911399999999999864e+02
3.275000000000000000e+02
1.684699999999999989e+02
1.573300000000000125e+02
5.596999999999999886e+01
1.605500000000000114e+02
7.565999999999999659e+01
1.174500000000000028e+02
1.154300000000000068e+02
1.120600000000000023e+02
1.834499999999999886e+02
8.035999999999999943e+01
1.459699999999999989e+02
5.875999999999999801e+01
3.978999999999999915e+01
3.564000000000000057e+01
3.239999999999999858e+01
3.610999999999999943e+01
3.478000000000000114e+01
3.261999999999999744e+01
3.307000000000000028e+01
3.457000000000000028e+01
3.206000000000000227e+01
3.443999999999999773e+01
3.153999999999999915e+01
3.203999999999999915e+01
3.502000000000000313e+01
3.393999999999999773e+01
4.153999999999999915e+01
5.157999999999999829e+01
9.232999999999999829e+01
9.462000000000000455e+01
1.943000000000000114e+02
1.678799999999999955e+02
1.255600000000000023e+02
1.686100000000000136e+02
1.023700000000000045e+02
9.131000000000000227e+01
1.334300000000000068e+02
8.142000000000000171e+01
2.426800000000000068e+02
2.191399999999999864e+02
3.907200000000000273e+02
2.712799999999999727e+02
3.821299999999999955e+02
7.995299999999999727e+02
2.441000000000000014e+01
