9.167000000000000171e+01
9.976799999999999500e+02
9.797599999999999909e+02
7.177200000000000273e+02
6.705299999999999727e+02
4.726999999999999886e+02
2.820899999999999750e+02
2.346500000000000057e+02
1.924600000000000080e+02
4.040699999999999932e+02
2.608600000000000136e+02
1.459499999999999886e+02
2.012599999999999909e+02
1.303000000000000114e+02
2.595699999999999932e+02
1.125999999999999943e+02
3.283500000000000227e+02
1.062800000000000011e+02
8.420000000000000284e+01
9.210999999999999943e+01
1.064699999999999989e+02
1.267600000000000051e+02
2.213000000000000114e+02
8.915299999999999727e+02
1.341839999999999918e+03
1.073400000000000091e+03
1.114150000000000091e+03
3.005899999999999750e+02
1.715399999999999920e+02
1.060699999999999932e+02
9.860999999999999943e+01
8.485999999999999943e+01
8.025000000000000000e+01
1.314699999999999989e+02
2.194699999999999989e+02
1.691999999999999886e+02
1.820600000000000023e+02
1.948300000000000125e+02
1.421800000000000068e+02
5.017500000000000000e+02
1.341500000000000057e+02
2.953199999999999932e+02
3.827799999999999727e+02
3.469100000000000250e+02
4.500699999999999932e+02
5.813500000000000227e+02
6.339400000000000546e+02
7.426299999999999955e+02
8.985499999999999545e+02
2.087659999999999854e+03
2.239409999999999854e+03
1.027869999999999891e+03
7.917500000000000000e+02
5.194800000000000182e+02
6.117799999999999727e+02
2.676200000000000045e+02
2.046200000000000045e+02
2.455699999999999932e+02
3.055299999999999727e+02
2.228700000000000045e+02
1.247999999999999972e+02
1.739799999999999898e+02
1.714600000000000080e+02
1.248400000000000034e+02
1.366599999999999966e+02
2.075999999999999943e+02
1.012099999999999937e+02
9.981000000000000227e+01
8.662000000000000455e+01
9.409999999999999432e+01
1.272099999999999937e+02
1.611999999999999886e+02
2.746899999999999977e+02
8.803099999999999454e+02
1.483990000000000009e+03
1.373099999999999909e+03
6.973200000000000500e+02
2.233799999999999955e+02
1.357899999999999920e+02
1.009099999999999966e+02
8.535999999999999943e+01
8.309000000000000341e+01
8.667000000000000171e+01
1.175499999999999972e+02
3.215400000000000205e+02
1.346399999999999864e+02
2.189000000000000057e+02
1.664600000000000080e+02
2.054600000000000080e+02
1.858499999999999943e+02
3.017099999999999795e+02
5.963700000000000045e+02
2.653700000000000045e+02
3.407500000000000000e+02
4.444300000000000068e+02
4.933700000000000045e+02
4.231399999999999864e+02
8.459500000000000455e+02
1.016480000000000018e+03
9.251999999999999602e+01
