1.000000000000000000e+00 4.825994035731084875e-03 2.639224529266357422e+00
9.291666666666666075e+00 8.958472586833271523e-03 2.872002124786376953e-02
1.758333333333333215e+01 3.720564918583879610e-02 8.654594421386718750e-03
2.587500000000000000e+01 5.986822913857853257e-03 4.511594772338867188e-03
3.416666666666666430e+01 1.043620438025839869e-02 2.941727638244628906e-03
4.245833333333332860e+01 1.504314871199824433e-02 2.197980880737304688e-03
5.075000000000000000e+01 6.359103110895714117e-03 1.927614212036132812e-03
5.904166666666666430e+01 7.097555012899603444e-03 1.709222793579101562e-03
6.733333333333332860e+01 1.016491602572831658e-02 1.527428627014160156e-03
7.562500000000000000e+01 6.605986131714730591e-03 1.467108726501464844e-03
8.391666666666665719e+01 5.643006217837143179e-03 1.426458358764648438e-03
9.220833333333332860e+01 9.239756825437064197e-03 1.359581947326660156e-03
1.005000000000000000e+02 7.335779333628639209e-03 1.314043998718261719e-03
1.087916666666666572e+02 5.405004379999826455e-03 1.335024833679199219e-03
1.170833333333333286e+02 7.378015770916929172e-03 1.292347908020019531e-03
1.253749999999999858e+02 7.466012121165654936e-03 1.281023025512695312e-03
1.336666666666666572e+02 5.678914276503244096e-03 1.289963722229003906e-03
1.419583333333333144e+02 6.190635395868143709e-03 1.325964927673339844e-03
1.502500000000000000e+02 8.412719562699899623e-03 1.273155212402343750e-03
1.585416666666666572e+02 6.466608447090696488e-03 1.294016838073730469e-03
1.668333333333333144e+02 5.730179665452972415e-03 1.313090324401855469e-03
1.751250000000000000e+02 6.640251425279602993e-03 1.312017440795898438e-03
1.834166666666666572e+02 6.048405384231347881e-03 1.300930976867675781e-03
1.917083333333333144e+02 6.759341168453336657e-03 1.306056976318359375e-03
2.000000000000000000e+02 6.507402518622640297e-03 1.287817955017089844e-03
