1.000000000000000000e+00 4.636425375048436326e-03 2.397569537162780762e+00
9.291666666666666075e+00 2.514181317124400059e-02 2.718758583068847656e-02
1.758333333333333215e+01 1.075953181679155379e-02 8.110404014587402344e-03
2.587500000000000000e+01 5.722743184802842054e-03 4.237771034240722656e-03
3.416666666666666430e+01 1.021133626866778388e-02 2.809047698974609375e-03
4.245833333333332860e+01 1.835467957399800065e-02 2.153396606445312500e-03
5.075000000000000000e+01 7.055680569164474170e-03 1.836061477661132812e-03
5.904166666666666430e+01 6.710541531389488390e-03 1.614093780517578125e-03
6.733333333333332860e+01 9.548955629492338060e-03 1.470923423767089844e-03
7.562500000000000000e+01 6.906995673456539642e-03 1.432061195373535156e-03
8.391666666666665719e+01 5.538422734254158653e-03 1.384973526000976562e-03
9.220833333333332860e+01 8.929081017609363791e-03 1.289010047912597656e-03
1.005000000000000000e+02 7.994479928833966853e-03 1.272439956665039062e-03
1.087916666666666572e+02 5.120560423644004988e-03 1.254916191101074219e-03
1.170833333333333286e+02 7.206138885584412179e-03 1.261472702026367188e-03
1.253749999999999858e+02 7.747216860305855546e-03 1.245379447937011719e-03
1.336666666666666572e+02 6.442049802768634592e-03 1.227021217346191406e-03
1.419583333333333144e+02 6.320848081482310921e-03 1.231551170349121094e-03
1.502500000000000000e+02 8.118349530614299425e-03 1.221418380737304688e-03
1.585416666666666572e+02 6.556301909909412196e-03 1.220822334289550781e-03
1.668333333333333144e+02 5.988055627186128493e-03 1.245975494384765625e-03
1.751250000000000000e+02 6.188767421860530416e-03 1.216411590576171875e-03
1.834166666666666572e+02 6.981710287975062545e-03 1.213073730468750000e-03
1.917083333333333144e+02 6.126453720931318569e-03 1.243591308593750000e-03
2.000000000000000000e+02 6.569532375380687794e-03 1.216888427734375000e-03
