1.000000000000000000e+00 2.036958824079088126e-02 1.912818431854248047e+00
9.291666666666666075e+00 5.311329477127091359e-03 3.558703660964965820e-01
1.758333333333333215e+01 2.863271332148975556e-03 1.886011362075805664e-01
2.587500000000000000e+01 3.171961142487883523e-03 1.240420341491699219e-01
3.416666666666666430e+01 4.163210264811423311e-03 1.009324789047241211e-01
4.245833333333332860e+01 2.464345711313209453e-03 7.953357696533203125e-02
5.075000000000000000e+01 2.859855672475680732e-03 6.921744346618652344e-02
5.904166666666666430e+01 1.894883063634000830e-03 6.357550621032714844e-02
6.733333333333332860e+01 2.136609220261757869e-03 5.715620517730712891e-02
7.562500000000000000e+01 1.885967920607634074e-03 5.445039272308349609e-02
8.391666666666665719e+01 1.994385351087413910e-03 5.171751976013183594e-02
9.220833333333332860e+01 2.230315460211060308e-03 4.849565029144287109e-02
1.005000000000000000e+02 2.386323734619263948e-03 4.770362377166748047e-02
1.087916666666666572e+02 1.929336767547223941e-03 4.651057720184326172e-02
1.170833333333333286e+02 1.850584104080899017e-03 4.566705226898193359e-02
1.253749999999999858e+02 1.740982022168230219e-03 4.555559158325195312e-02
1.336666666666666572e+02 1.810953393956697688e-03 4.522180557250976562e-02
1.419583333333333144e+02 1.228427944515220194e-03 4.497563838958740234e-02
1.502500000000000000e+02 1.741398652956027693e-03 4.485547542572021484e-02
1.585416666666666572e+02 1.466792216650025793e-03 4.465711116790771484e-02
1.668333333333333144e+02 1.323384125619886387e-03 4.508602619171142578e-02
1.751250000000000000e+02 1.047721952408958712e-03 4.373192787170410156e-02
1.834166666666666572e+02 1.334556725694435730e-03 4.495215415954589844e-02
1.917083333333333144e+02 1.269257677248364358e-03 4.465353488922119141e-02
2.000000000000000000e+02 1.098891919910097159e-03 4.437792301177978516e-02
