1.000000000000000000e+00 2.114147721362938381e-02 2.070743918418884277e+00
9.291666666666666075e+00 8.976365593232754625e-03 3.611024618148803711e-01
1.758333333333333215e+01 6.675926118784369923e-03 1.920489072799682617e-01
2.587500000000000000e+01 3.001102222698948108e-03 1.419684886932373047e-01
3.416666666666666430e+01 2.161568005361963474e-03 1.060374975204467773e-01
4.245833333333332860e+01 9.493015550109118461e-03 8.784103393554687500e-02
5.075000000000000000e+01 2.597552199980091014e-03 7.522058486938476562e-02
5.904166666666666430e+01 1.839055288062649285e-03 6.572055816650390625e-02
6.733333333333332860e+01 3.366975725302975148e-03 6.209790706634521484e-02
7.562500000000000000e+01 2.146330763813951437e-03 5.777370929718017578e-02
8.391666666666665719e+01 1.660485545203552182e-03 5.450797080993652344e-02
9.220833333333332860e+01 1.875068730116564997e-03 5.417788028717041016e-02
1.005000000000000000e+02 2.373730522325895320e-03 5.284154415130615234e-02
1.087916666666666572e+02 2.305612745798990559e-03 5.097448825836181641e-02
1.170833333333333286e+02 1.636311897204034693e-03 4.890799522399902344e-02
1.253749999999999858e+02 1.908734401279879589e-03 4.896843433380126953e-02
1.336666666666666572e+02 1.736653174652436071e-03 5.002462863922119141e-02
1.419583333333333144e+02 1.102770535829800114e-03 4.953432083129882812e-02
1.502500000000000000e+02 1.285638287859991458e-03 4.929459095001220703e-02
1.585416666666666572e+02 1.350977308822276513e-03 4.948341846466064453e-02
1.668333333333333144e+02 1.768163156471019848e-03 5.007851123809814453e-02
1.751250000000000000e+02 1.536841017263129022e-03 4.818594455718994141e-02
1.834166666666666572e+02 1.581691357042308566e-03 4.867410659790039062e-02
1.917083333333333144e+02 1.314298588778295418e-03 4.956996440887451172e-02
2.000000000000000000e+02 1.024574371256248284e-03 4.729843139648437500e-02
