1.000000000000000000e+00 1.520759067989380098e-02 1.028808474540710449e+00
9.291666666666666075e+00 3.411433834751259608e-03 3.143810033798217773e-01
1.758333333333333215e+01 2.069190475233106605e-03 1.827415227890014648e-01
2.587500000000000000e+01 1.390267762756802750e-03 1.306674480438232422e-01
3.416666666666666430e+01 1.303145230993868475e-03 9.514701366424560547e-02
4.245833333333332860e+01 1.420488969371858090e-03 8.366131782531738281e-02
5.075000000000000000e+01 1.133204776957802418e-03 7.329940795898437500e-02
5.904166666666666430e+01 1.048974148383341465e-03 6.341397762298583984e-02
6.733333333333332860e+01 1.240052273184355514e-03 5.883550643920898438e-02
7.562500000000000000e+01 1.036579665365688907e-03 5.787992477416992188e-02
8.391666666666665719e+01 1.183085826414131958e-03 5.826795101165771484e-02
9.220833333333332860e+01 9.209358205404249986e-04 5.381917953491210938e-02
1.005000000000000000e+02 1.015469345620162445e-03 5.266201496124267578e-02
1.087916666666666572e+02 9.232427409939236718e-04 5.185794830322265625e-02
1.170833333333333286e+02 9.166926048382317838e-04 5.381560325622558594e-02
1.253749999999999858e+02 9.649673295775429427e-04 5.021667480468750000e-02
1.336666666666666572e+02 9.331957134621343686e-04 4.840397834777832031e-02
1.419583333333333144e+02 8.871823619898766902e-04 4.994785785675048828e-02
1.502500000000000000e+02 9.451862252657927677e-04 4.973208904266357422e-02
1.585416666666666572e+02 9.084808868227364775e-04 4.963445663452148438e-02
1.668333333333333144e+02 8.850371469369677779e-04 5.182158946990966797e-02
1.751250000000000000e+02 8.941872661829552982e-04 4.782462120056152344e-02
1.834166666666666572e+02 9.280226419467463295e-04 5.029833316802978516e-02
1.917083333333333144e+02 8.437163315875850778e-04 5.229818820953369141e-02
2.000000000000000000e+02 7.519024094698040228e-04 5.064237117767333984e-02
