1.000000000000000000e+00 9.412587423398011133e-04 1.455823540687561035e+00
9.291666666666666075e+00 1.454635153152139537e-03 2.051687240600585938e-02
1.758333333333333215e+01 1.399288619382557664e-03 8.388876914978027344e-03
2.587500000000000000e+01 1.187207685216185027e-03 4.691481590270996094e-03
3.416666666666666430e+01 1.145669663064119437e-03 3.302454948425292969e-03
4.245833333333332860e+01 9.548854838448694871e-04 2.392053604125976562e-03
5.075000000000000000e+01 1.058150759182918677e-03 2.051949501037597656e-03
5.904166666666666430e+01 1.181298281857728893e-03 1.830935478210449219e-03
6.733333333333332860e+01 1.339114542110997341e-03 1.734018325805664062e-03
7.562500000000000000e+01 1.056164282475235972e-03 1.563191413879394531e-03
8.391666666666665719e+01 8.763923794464778538e-04 1.605987548828125000e-03
9.220833333333332860e+01 1.035957401105291886e-03 1.491904258728027344e-03
1.005000000000000000e+02 9.875937536074075318e-04 1.415014266967773438e-03
1.087916666666666572e+02 8.243724992841872101e-04 1.397848129272460938e-03
1.170833333333333286e+02 8.715342620664867646e-04 1.473903656005859375e-03
1.253749999999999858e+02 8.295940535442206110e-04 1.431226730346679688e-03
1.336666666666666572e+02 8.995849460888697205e-04 1.401901245117187500e-03
1.419583333333333144e+02 8.182328589755368670e-04 1.393556594848632812e-03
1.502500000000000000e+02 8.976405352838501273e-04 1.390457153320312500e-03
1.585416666666666572e+02 7.686728875711881792e-04 1.491069793701171875e-03
1.668333333333333144e+02 8.355693349011983351e-04 1.393675804138183594e-03
1.751250000000000000e+02 7.741577498560081594e-04 1.425743103027343750e-03
1.834166666666666572e+02 7.784113734115583050e-04 1.419782638549804688e-03
1.917083333333333144e+02 8.113734006845452207e-04 1.475453376770019531e-03
2.000000000000000000e+02 8.447320709101258096e-04 1.424431800842285156e-03
